map3.png
116
1f;1260;210
2f;1410;140
3f;1560;210
4f;1710;140
5f;1860;210
6f;1110;490
7f;1260;400
8f;1560;565
9f;1860;400
10f;2010;490
11f;360;750
12f;510;660
13f;660;750
14f;810;660
15f;1020;700
16f;1260;750
17f;1860;750
18f;2010;660
19s;2160;830
20f;2310;660
21f;2460;750
22f;2610;660
23f;2760;750
24f;210;1000
25s;360;910
26a;660;1085
27f;960;910
28f;1110;1000
29f;1260;910
30f;1560;970
31f;1860;910
32f;2010;1000
33n;2460;1085
34s;2760;910
35f;2910;1000
36f;210;1170
37f;360;1250
38f;960;1350
39f;1110;1170
40f;1260;1250
41f;1410;1170
42f;1560;1250
43l;1850;1260
44f;2010;1170
45f;2160;1250
46f;2760;1250
47f;2910;1170
48f;360;1430
49f;510;1510
50f;660;1430
51f;810;1510
52f;1110;1510
53f;1260;1430
54f;1560;1606
55f;2010;1510
56f;2160;1430
57f;2310;1510
58s;2460;1430
59f;2610;1605
60f;2760;1430
61f;360;1770
62f;510;1680
63f;810;1720
64f;1110;1680
65f;1260;1770
66l;1860;1770
67f;2010;1680
68f;2160;1850
69f;2310;1680
70s;2460;1770
71f;2760;1770
72f;210;2040
73f;360;1960
74n;660;2125
75f;960;1960
76f;1110;2040
77f;1260;1960
78l;1560;2000
79f;1860;1960
80f;2010;2040
81a;2460;2125
82f;2760;1960
83f;2910;2040
84f;210;2210
85s;360;2300
86f;960;2300
87f;1110;2210
88f;1310;2300
89f;1560;2300
90f;1710;2210
91f;1860;2300
92f;2010;2210
93s;2160;2300
94s;2760;2300
95f;2910;2210
96f;360;2460
97f;510;2550
98f;660;2460
99f;880;2510
100f;1110;2550
101f;1560;2645
102f;1860;2460
103f;2090;2500
104f;2310;2550
105f;2460;2460
106f;2610;2550
107f;2760;2460
108f;1110;2740
109f;1260;2810
110f;1860;2810
111f;2010;2740
112f;1260;2990
113f;1410;3080
114f;1560;2990
115f;1710;3080
116f;1860;2990
1 2;7
2 1;3
3 2;4;8
4 3;5
5 4;9
6 15;7
7 1;6;8
8 7;3;9;16;17;30
9 5;8;10
10 9;18
11 25;12
12 11;13
13 12;14;26
14 13;15
15 14;6;27;16
16 15;29;8
17 8;18;31
18 17;10;19
19 18;20;32;33
20 19;21
21 20;22;33
22 21;22;23
23 22;34
24 25;36
25 24;11;26
26 13;27;50;37;25
27 26;15;28
28 27;29;39
29 28;16;30
30 29;8;31;41;43
31 30;17;32
32 31;19;44
33 21;34;46;58;45;19
34 33;23;35
35 34;47
36 24;37
37 36;48;26
38 51;26;39;52
39 38;28;40
40 39;41;53
41 30;40;42
42 54;41;43
43 30;44;55;54;42
44 43;32;45
45 56;44;33
46 33;47;60
47 46;35
48 49;37
49 48;62;50
50 49;51;26
51 50;38;63
52 38;53;64
53 52;40;54
54 42;43;66;78;65;53
55 43;56;67
56 55;45;57
57 56;58;69
58 57;33;59
59 58;60;70;71
60 46;59
61 62;73;
62 49;61;63
63 62;51;64;75;74
64 63;65;52
65 64;77;54
66 54;79;67
67 66;55;68
68 67;69;80;81
69 68;70;57
70 81;59;69
71 59;82
72 73;84
73 72;60;74
74 63;75;86;98;85;73
75 74;63;76
76 75;77;87
77 76;65;78
78 88;90;79;54;77
79 78;80;66
80 79;68;92
81 70;82;94;105;93;68
82 81;71;83
83 82;95
84 72;85
85 85;96;74
86 74;99;87
87 76;86;88
88 87;100;101;89;78
89 88;101;90
90 89;91;78
91 90;102;92
92 91;93;80
93 103;92;81
94 81;107;95
95 83;94
96 85;97
97 96;98
98 97;74;99
99 86;100;98
100 99;88;108
101 89;102;110;114;109;88
102 101;91;103
103 102;111;93;104
104 103;105
105 104;106;81
106 105;107
107 106;94
108 100;109
109 108;112;101
110 101;111;116
111 110;103
112 109;113
113 112;114
114 113;115;101
115 114;116
116 115;110